50
1.30 1.40 1.30 1.10 1.00
88 160 278
97 5 159
71 100 197
87 169 305
98 190 365
50 17 106
84 106 272
95 130 310
71 86 191
85 60 188
11 1 22
48 78 156
32 43 99
25 13 65
73 58 167
49 75 139
65 103 214
40 8 86
92 144 272
31 26 72
69 23 109
59 75 162
54 97 196
45 50 115
28 39 81
77 55 159
79 71 194
33 60 126
66 59 183
50 94 182
33 57 113
78 34 190
43 62 132
97 86 242
58 74 171
4 7 12
24 12 58
82 14 137
73 99 205
7 2 16
89 109 266
6 12 24
46 81 147
38 1 66
82 63 229
52 74 170
39 34 113
22 41 85
90 143 290
52 71 140
